41 30.33414
42 218.38044
43 24.41727
44 -32.25627
45 172.24860
46 -169.69012
47 -47.88711
48 -271.29428
49 43.60409
50 -36.90994
51 97.78763
52 325.82897
53 -15.45850
54 39.98876
55 -181.08149
56 20.44828
57 30.20047
58 55.02573
59 -7.66364
60 167.62093
61 497.46955
62 -61.55307
63 -221.09551
64 122.91875
65 194.66629
66 9.57902
67 37.95044
68 30.63877
69 161.29627
70 -102.20149
71 69.18938
72 -65.06361
73 52.12006
74 266.79614
75 79.41746
76 -251.67460
77 150.30889
78 88.10405
79 -125.71103
80 -136.01117
81 -15.59813
82 347.04362
83 -62.25628
84 -153.84201
85 -103.64131
86 -44.29207
87 -176.07204
88 -119.82529
89 -53.87779
90 181.21093
91 -75.74656
92 -251.21515
93 -59.64868
94 -80.64302
95 53.81426
96 9.82725
97 -307.59815
98 63.00533
99 184.06381
100 39.53013
101 10.65210
102 -37.31006
103 202.95426
104 57.83729
105 358.81767
106 -69.93919
107 330.97761
108 -29.57941
109 -189.93594
110 -286.20216
111 -111.31981
112 -276.12494
113 108.44243
114 -370.48855
115 -136.38609
116 254.10184
117 -269.06470
118 -197.71690
119 275.17287
120 -89.39997
121 -58.17899
122 -58.85723
123 24.87577
124 77.27632
125 5.18044
126 -110.46421
127 27.51410
128 -201.61047
129 45.44865
130 -67.51229
131 177.60144
132 164.55458
133 77.84035
134 -42.68047
135 -257.55103
136 -226.99358
137 109.89736
138 203.03287
139 121.46612
140 32.25001
141 -85.37183
142 178.91490
143 476.27835
144 191.72691
145 -79.88727
146 11.41923
147 -28.03756
148 150.05278
149 -196.70923
150 50.46882
151 -155.14360
152 384.48920
153 -238.82388
154 19.12606
155 -286.32851
156 252.49958
157 -171.41965
158 191.92124
159 -173.94521
160 401.00988
161 -70.35431
162 -369.85478
163 -16.24227
164 -2.24174
165 182.24299
166 -40.45528
167 130.16843
168 94.96880
169 371.67838
170 183.26035
171 -97.91682
172 -259.87473
173 299.66148
174 292.12836
175 -20.49923
176 4.76369
177 -11.63180
178 371.86643
179 -20.44638
180 81.48094
181 254.79041
182 -44.93958
183 139.01091
184 233.96580
185 113.32108
186 16.14349
187 -483.61009
188 -266.71158
189 -2.87689
190 -429.88864
191 270.02613
192 -340.05560
193 -93.19765
194 -141.74984
195 -273.90345
196 -371.18909
197 -288.45090
198 4.28321
199 -385.89080
200 148.64074
201 -138.27010
202 373.03908
203 -146.98585
204 77.40544
205 93.85777
206 28.17928
207 -163.87223
208 25.88505
209 -218.68768
210 -60.37223
211 211.58104
212 -11.06228
213 -163.93210
214 -3.83818
215 -305.71046
216 141.42508
217 -115.47693
218 -13.79513
219 192.47478
220 -201.91958
221 38.39388
222 -6.67397
223 133.86259
224 144.30288
225 -50.54278
226 -121.44672
227 170.89175
228 -92.53095
229 25.34808
230 -52.91742
231 -75.50253
232 43.00978
233 23.37811
234 -48.51086
235 141.87845
236 105.29073
237 -86.33217
238 -405.68536
239 -67.22296
240 -197.84869
241 -99.47005
242 247.08420
243 -72.38626
244 -54.89547
245 -97.22211
246 -282.76940
247 167.11313
248 70.63937
249 229.88386
250 -328.71148
251 226.01194
252 -106.61686
253 -26.30547
254 -161.10351
255 7.66569
256 -34.51192
257 24.23970
258 -116.21931
259 217.95075
260 332.02401
261 -238.70508
262 -139.04739
263 -52.47661
264 -33.42811
265 -75.49407
266 -342.97118
267 -4.14459
268 132.89070
269 43.16938
270 104.66287
271 -192.73545
272 -33.96605
273 59.38015
274 18.27144
275 -363.74186
276 -124.42741
277 88.60885
278 -12.82689
279 113.13207
280 -3.72161
281 -437.76056
282 119.40231
283 -96.56113
284 186.00088
285 34.37426
286 29.86723
287 115.70442
288 -151.23542
289 13.31504
290 51.17925
291 -41.52732
292 23.94807
293 -2.59740
294 -248.00619
295 -113.87632
296 -49.73303
297 99.79302
298 54.00023
299 -189.42044
300 229.63610
301 -109.99324
302 161.11809
303 -16.05981
304 43.91054
305 -437.24254
306 144.10350
307 -7.30902
308 165.81396
309 -87.29082
310 59.16420
311 -308.68908
312 47.57573
313 257.37293
314 -30.39074
315 152.71290
316 23.59967
317 -262.02685
318 35.63718
319 -227.16083
320 32.14111
321 105.90334
322 307.70067
323 81.29334
324 31.27039
325 -172.32949
326 -259.48218
327 -56.25427
328 168.55529
329 165.82512
330 305.12429
331 67.09842
332 265.38636
333 39.09147
334 293.16158
335 215.07114
336 35.49305
337 46.03036
338 337.60716
339 88.22571
340 -114.22895
341 -39.07801
342 -40.11758
343 73.85552
344 91.73244
345 -63.34654
346 6.44739
347 -133.90681
348 104.37416
349 -349.28543
350 125.39377
351 230.20546
352 7.88785
353 114.14938
354 230.48093
355 113.59352
356 -318.95951
357 -40.33640
358 64.06851
359 -33.70409
360 -300.14372
361 38.31945
362 -53.09760
363 127.12689
364 -381.79712
365 -250.09683
366 -184.23072
367 -255.49915
368 -81.34495
369 -292.30313
370 454.32449
371 -87.97245
372 -176.67144
373 -112.69466
374 -69.05723
375 120.84234
376 -71.59012
377 -251.75172
378 45.68912
379 -39.93879
380 -33.75023
381 -220.83049
382 32.82455
383 -142.11651
384 76.52830
385 4.11819
386 -135.54183
387 169.87533
388 -1.72947
389 -112.34422
390 -124.17912
391 50.15096
392 -3.73998
393 58.07023
394 131.45297
395 -117.94167
396 -182.26533
397 -135.75470
398 -171.74694
399 -206.91233
400 83.33390
401 -345.31796
402 -34.99606
403 -62.09365
404 225.40270
405 -30.65371
406 -261.33194
407 -192.29398
408 225.14894
409 -23.39935
410 -77.09131
411 -257.70150
412 -66.12077
413 -94.49725
414 167.21587
415 -307.97872
416 -202.07654
417 155.23430
418 -133.55038
419 90.90120
420 110.89957
421 259.28770
422 -98.99780
423 -253.25415
424 -352.13406
425 -265.79472
426 16.18899
427 180.07688
428 5.80276
429 29.62627
430 111.91183
431 -239.30976
432 -268.86462
433 -147.85306
434 -92.06247
435 -3.50417
436 138.29368
437 -234.80187
438 -97.74152
439 -320.41205
440 143.15262
441 354.40232
442 108.39648
443 -33.00695
444 -59.25329
445 -85.60096
446 236.72636
447 231.43343
448 -6.66309
449 164.24343
450 115.96656
451 -60.56439
452 86.73914
453 -73.58710
454 -210.43740
455 -65.37418
456 -125.25780
457 2.53887
458 260.82357
459 -286.87095
460 -219.58183
461 -31.98432
462 165.33649
463 199.10923
464 -47.30996
465 175.57199
466 153.70256
467 -297.76632
468 -9.02595
469 74.55316
470 -159.11316
471 -4.13467
472 120.30112
473 273.92471
474 322.48131
475 -22.23849
476 -191.60427
477 23.62307
478 56.75127
479 -79.76532
480 -86.58097
481 -14.12651
482 48.09720
483 283.15374
484 -182.73769
485 -136.15601
486 90.05761
487 -125.51084
488 -61.41360
489 -190.47939
490 150.75936
491 350.50597
492 107.86422
493 356.16569
494 42.47013
495 466.92495
496 292.74628
497 19.45827
498 256.73271
499 112.95109
500 137.52858
501 -6.82810
502 252.46470
503 70.78742
504 190.71196
505 65.35164
506 87.32892
507 -267.58611
508 244.38688
509 -55.64909
510 -11.27605
511 168.22539
512 147.45396
513 -154.88797
514 278.18881
515 -154.66645
516 181.75536
517 -81.20532
518 587.18972
519 234.11410
520 357.77032
521 -22.57182
522 208.46471
523 114.22525
524 -91.21893
525 -167.45253
526 -17.24909
527 -309.61764
528 157.06509
529 152.26159
530 276.21305
531 188.35371
532 -289.39254
533 -13.48839
534 341.05465
535 98.51156
536 227.19989
537 165.80090
538 125.70338
539 203.61191
540 41.62050
541 -145.91619
542 -256.59790
543 -48.98640
544 189.04581
545 29.45572
546 -24.50463
547 -213.58055
548 340.23635
549 -25.18530
550 236.48837
551 -17.18887
552 38.81534
553 62.23453
554 -124.86675
555 -133.10390
556 -253.08709
557 -66.32938
558 128.34597
559 144.76411
560 135.82053
561 -112.03599
562 45.34820
563 65.95667
564 50.42247
565 6.39509
566 205.60656
567 14.88088
568 108.12050
569 -61.27044
570 94.99354
571 -57.17487
572 132.00857
573 -74.47488
574 -40.34117
575 -55.75576
576 76.12151
577 -84.53873
578 39.80892
579 165.73827
580 -140.20800
581 101.17639
582 -272.25946
583 141.93814
584 192.04936
585 45.11050
586 -90.27305
587 98.74285
588 334.24584
589 179.73850
590 144.39903
591 -50.10972
592 78.53085
593 266.94446
594 -7.96496
595 63.99737
596 95.92784
597 160.44431
598 -172.76591
599 -22.80933
600 59.96534
601 -27.50099
602 -19.74453
603 60.85314
604 -236.21406
605 261.21402
606 26.99993
607 24.30430
608 89.26662
609 148.12127
610 -241.04431
611 340.08018
612 109.54664
613 79.37526
614 92.87197
615 -13.52371
616 -23.01617
617 -244.97345
618 264.31977
619 -200.49486
620 -168.18090
621 -227.46513
622 -122.01072
623 -123.27916
624 36.86389
625 117.36215
626 -347.46534
627 -331.23744
628 -138.68573
629 -481.29815
630 45.88718
631 -228.23516
632 189.27505
633 63.32126
634 -209.74845
635 89.77602
636 17.43543
637 -145.56182
638 -68.31792
639 -224.48664
640 -99.46401
641 321.98387
642 96.34913
643 328.73290
644 112.58145
645 -13.58294
646 133.42156
647 15.74071
648 40.83094
649 -49.33279
650 361.91363
651 -159.16206
652 -188.27909
653 357.48138
654 153.50168
655 297.09238
656 121.47772
657 63.71566
658 220.06548
659 237.29216
660 143.83240
661 137.60905
662 436.38871
663 88.16297
664 179.08647
665 91.57152
666 181.98218
667 109.59640
668 193.22543
669 58.54023
670 412.32356
671 54.92235
672 261.53002
673 59.59488
674 80.64056
675 285.76478
676 24.08683
677 69.05209
678 226.42395
679 28.12587
680 259.51967
681 27.47193
682 304.74203
683 86.29862
684 141.18972
685 172.56901
686 -58.95134
687 210.29862
688 165.25130
689 -166.47719
690 237.34612
691 147.86508
692 -176.32143
693 -136.43226
694 168.35734
695 -137.22339
696 284.63440
697 67.39864
698 -29.22912
699 161.47494
700 -192.78512
701 97.40507
702 125.40331
703 -109.49382
704 -164.81654
705 44.86043
706 -242.12688
707 -72.90629
708 5.26066
709 -48.36107
710 -134.33087
711 -478.98098
712 384.10235
713 104.25881
714 -96.08944
715 -284.34262
716 -95.73880
717 -396.17142
718 -274.78318
719 75.95001
720 -87.62102
721 -213.98190
722 -180.62514
723 -107.23853
724 25.13702
725 -61.66836
726 110.70872
727 147.11664
728 -254.94660
729 -324.58257
730 -287.72913
731 21.13037
732 -6.32249
733 -211.19279
734 55.91908
735 -292.49903
736 -81.54037
737 -78.14785
738 -131.26243
739 -196.57464
740 -431.18255
741 -36.39450
742 9.07609
743 10.39629
744 -360.71935
745 -156.29884
746 -436.14556
747 -63.78914
748 -131.59209
749 -32.97493
750 132.70421
751 416.63178
752 -4.38741
753 -112.29873
754 -74.80594
755 74.93317
756 159.08132
757 -149.26688
758 -299.86121
759 -102.13187
760 117.87263
761 137.93296
762 -126.51258
763 233.27111
764 -134.35860
765 -46.34251
766 94.23917
767 -141.42476
768 -120.79160
769 -137.94881
770 133.69348
771 32.69194
772 -29.01711
773 62.63683
774 -268.97587
775 -194.92262
776 -176.02629
777 -167.58975
778 146.42712
779 278.80761
780 84.36367
781 -166.35643
782 -275.92206
783 21.16905
784 -359.19130
785 -226.76460
786 48.78211
787 -240.96196
788 -30.31493
789 -217.22048
790 -112.09252
791 -42.78813
792 81.90552
793 52.03873
794 233.98281
795 -132.80683
796 16.46533
797 -179.33089
798 2.69136
799 130.80859
800 -298.86067
801 -30.23757
802 -10.53042
803 -196.24067
804 -315.43743
805 86.53970
806 69.06946
807 -1.81866
808 -178.59992
809 36.10038
810 -7.14768
811 144.86480
812 -6.27577
813 -97.50741
814 -249.38248
815 20.66868
816 -227.97554
817 60.87941
818 57.51653
819 -289.05871
820 -267.59303
821 -70.52016
822 138.52985
823 -159.70961
824 87.87591
825 56.43250
826 -51.94208
827 53.12164
828 66.22535
829 68.29183
830 199.72908
831 330.86153
832 13.54163
833 98.77537
834 243.01839
835 -149.99456
836 -13.47529
837 73.47983
838 -55.49340
839 46.83145
840 -239.54152
841 70.30918
842 287.57443
843 -361.07747
844 -36.12776
845 -161.54958
846 119.42397
847 288.32393
848 -122.22249
849 -226.02961
850 -12.17500
851 -210.90110
852 62.27846
853 46.53542
854 -77.49139
855 -218.53415
856 -266.55147
857 -395.98446
858 -237.26753
859 87.76322
860 528.39538
861 -400.16156
862 32.13782
863 72.66282
864 352.07839
865 -122.93217
866 -145.51707
867 -46.73985
868 229.74657
869 -198.88881
870 -169.59974
871 -50.17793
872 -266.05728
873 -267.20028
874 -25.32535
875 225.69832
876 -85.25017
877 1.43368
878 172.05230
879 9.41109
880 172.07918
881 -106.04438
882 5.74453
883 -141.72930
884 -190.99891
885 45.77765
886 -54.99171
887 73.32019
888 -50.36288
889 -78.93537
890 -78.44148
891 -105.73696
892 61.24950
893 53.86275
894 78.78231
895 -268.73751
896 -140.03703
897 -323.99164
898 86.44100
899 -110.10452
900 -234.45812
901 374.33016
902 -118.49199
903 -102.83441
904 -2.16935
905 428.17734
906 34.82233
907 -100.78458
908 -42.78425
909 319.50084
910 198.98873
911 -278.05613
912 -27.70680
913 -11.74179
914 56.59682
915 -184.35948
916 -44.76259
917 -9.41044
918 111.43598
919 8.90239
920 283.49675
921 103.49293
922 -170.34719
923 81.24243
924 -16.56758
925 -201.92406
926 43.21830
927 -11.44909
928 -39.25507
929 17.85382
930 -52.29114
931 66.21732
932 30.72421
933 -26.69635
934 -0.78461
935 227.66830
936 -523.08531
937 -35.21855
938 89.52624
939 304.61550
940 80.59496
941 -153.72387
942 -13.20234
943 -224.17412
944 139.45682
945 -39.53878
946 -109.99561
947 119.29054
948 16.25872
949 -107.83755
950 22.56273
951 -60.48268
952 207.25995
953 -350.29322
954 -24.44746
955 -103.71211
956 25.25417
957 -303.11158
958 43.65437
959 233.95929
960 177.60675
961 305.68397
962 -235.47483
963 119.76176
964 -258.76903
965 -218.27205
966 -11.69369
967 27.98684
968 55.89702
969 -128.50382
970 5.86649
971 -100.45798
972 173.23424
973 87.11870
974 -70.07115
975 -10.31745
976 113.90266
977 -126.75843
978 -90.55029
979 398.81423
980 -209.72330
981 14.85709
982 15.18503
983 89.40315
984 25.17406
985 245.21194
986 -133.14817
987 133.50719
988 -27.91543
989 -177.06709
990 -238.48142
991 188.08507
992 143.65938
993 134.15236
994 90.36576
995 401.08079
996 196.06027
997 351.31824
998 -70.60346
999 36.98796
1000 -46.79343
1001 53.95448
1002 59.09049
1003 186.22153
1004 329.88754
1005 262.87359
1006 34.36487
1007 -24.07022
1008 11.90449
1009 -365.01084
1010 114.51487
1011 -98.14929
1012 9.62643
1013 211.31726
1014 40.04155
1015 171.89297
1016 282.08179
1017 15.74625
1018 263.42530
1019 112.84820
1020 -98.24584
1021 -169.68114
1022 -7.24243
1023 -49.79708
1024 141.35862
1025 -56.76593
1026 -51.36761
1027 105.44746
1028 109.72002
1029 -27.20838
1030 125.74387
1031 248.07972
1032 17.91063
1033 85.72837
1034 104.16451
1035 -193.34947
1036 411.49589
1037 358.77396
1038 252.26213
1039 33.47834
1040 439.98461
1061 -302.60921
1062 -257.41111
1063 1.76549
1064 -95.33259
1065 -322.91910
1066 125.55521
1067 8.94654
1068 -36.64768
1069 18.69467
1070 -29.05253
1071 416.07330
1072 -82.19071
1073 -95.58258
1074 126.83737
1075 -86.37343
1076 -33.80616
1077 -154.53654
1078 -210.37737
1079 -107.82587
1080 47.10604
1081 86.40578
1082 364.02644
1083 32.69668
1084 -208.92202
1085 160.71497
1086 -53.61598
1087 -25.46036
1088 116.19617
1089 341.11387
1090 -75.26694
1091 90.41780
1092 -319.54864
1093 -273.66984
1094 -153.91685
1095 -270.33465
1096 58.63837
1097 129.84316
1098 -179.19033
1099 -176.14008
1100 -62.26825
1101 -106.97695
1102 -161.30083
1103 138.97066
1104 -110.79591
1105 64.22641
1106 2.32503
1107 80.28365
1108 -91.60923
1109 -47.96590
1110 -265.45371
1111 -57.02098
1112 -122.87430
1113 -111.36769
1114 -84.04161
1115 90.02578
1116 -223.79772
1117 -78.57014
1118 -138.95248
1119 126.27941
1120 -198.91531
1121 -74.99083
1122 -361.09146
1123 124.12756
1124 -316.49719
1125 127.12649
1126 -194.61818
1127 -220.04349
1128 -67.10550
1129 -267.78655
1130 129.77674
1131 -252.13142
1132 -70.96516
1133 102.63278
1134 93.21976
1135 261.69896
1136 -378.96488
1137 -65.00612
1138 19.63857
1139 -221.21610
1140 -57.80442
1141 -135.88048
1142 17.50426
1143 -265.26952
1144 33.23045
1145 -79.91989
1146 74.95388
1147 -85.72356
1148 -55.96837
1149 -83.75620
1150 -145.60570
1151 -386.85658
1152 -288.82404
1153 61.97158
1154 -310.54294
1155 7.55500
1156 -254.11516
1157 -212.84336
1158 4.29463
1159 -2.61977
1160 -243.84813
1161 25.32019
1162 -50.93555
1163 -153.50398
1164 -306.82357
1165 101.33871
1166 -26.10713
1167 -15.90901
1168 137.74265
1169 22.58232
1170 107.47845
1171 -72.37507
1172 44.44004
1173 -22.16274
1174 -97.85867
1175 311.42969
1176 83.16613
1177 -212.33761
1178 170.99702
1179 158.36351
1180 -35.31845
1181 -338.36153
1182 -53.68878
1183 413.09387
1184 233.06782
1185 293.56845
1186 -160.57829
1187 229.53343
1188 253.18568
1189 7.00452
1190 -81.58904
1191 -157.65240
1192 -65.03477
1193 -178.37768
1194 -341.08747
1195 -48.25195
1196 -87.23234
1197 -55.76387
1198 -308.84134
1199 55.29503
1200 -109.36867
1201 -85.59330
1202 8.37866
1203 62.48371
1204 -159.47665
1205 250.75741
1206 180.01144
1207 -470.02433
1208 409.65588
1209 -161.31015
1210 33.26401
1211 -0.34461
1212 -105.72832
1213 -78.34984
1214 106.58815
1215 54.44146
1216 150.69892
1217 -2.66927
1218 -218.53191
1219 114.24859
1220 -115.04573
1221 -127.71318
1222 -172.57015
1223 109.09565
1224 -57.20331
1225 -78.86645
1226 -124.21500
1227 286.23800
1228 97.35287
1229 332.28763
1230 157.52983
1231 273.99433
1232 328.66312
1233 125.78353
1234 -88.15334
1235 -192.00000
1236 -339.74520
1237 251.61585
1238 -134.64409
1239 -65.94305
1240 124.20181
1241 55.06546
1242 -167.77374
1243 31.20319
1244 80.67729
1245 126.23161
1246 153.11977
1247 162.21839
1248 90.31507
1249 328.31991
1250 -100.26450
1251 45.93432
1252 1.58022
1253 -41.17403
1254 -214.27884
1255 -407.02177
1256 265.87850
1257 -36.45605
1258 99.77299
1259 -133.10198
1260 59.37667
1261 388.75336
1262 84.35681
1263 43.45346
1264 155.59072
1265 380.26636
1266 489.27723
1267 517.74235
1268 177.56938
1269 223.52500
1270 1.10123
1271 167.52083
1272 163.55508
1273 189.62669
1274 385.25215
1275 125.14596
1276 89.44991
1277 113.18368
1278 484.17380
1279 390.62356
1280 22.06675
1281 62.36780
1282 144.18587
1283 224.12298
1284 334.50093
1285 74.14910
1286 29.75266
1287 172.75239
1288 290.35510
1289 230.31447
1290 203.51918
1291 246.61631
1292 300.75499
1293 269.51419
1294 376.04417
1295 328.93917
1296 109.96990
1297 146.69762
1298 -54.49082
1299 52.47799
1300 -160.69834
1301 -29.51214
1302 39.74604
1303 111.85220
1304 27.19614
1305 -179.51242
1306 -41.36938
1307 108.38036
1308 345.30175
1309 536.47455
1310 324.40796
1311 -30.77056
1312 -22.87030
1313 -89.57409
1314 -14.89566
1315 205.01018
1316 276.04855
1317 439.55629
1318 85.80983
1319 61.38459
1320 -39.00441
1321 56.92393
1322 -39.16446
1323 224.86772
1324 87.44060
1325 59.33296
1326 -9.88808
1327 151.65262
1328 -465.16115
1329 92.23779
1330 -12.74147
1331 45.18574
1332 401.78579
1333 -32.94465
1334 -59.86722
1335 -56.70821
1336 120.12033
1337 119.94890
1338 215.69194
1339 304.91560
1340 196.95989
1341 283.00447
1342 -75.19407
1343 13.68638
1344 177.33958
1345 345.16718
1346 111.62441
1347 51.58370
1348 11.16636
1349 39.91197
1350 295.78640
1351 92.21168
1352 -148.30299
1353 201.92421
1354 230.69496
1355 -128.57811
1356 124.11626
1357 268.95088
1358 345.49406
1359 140.00282
1360 -81.64738
1361 -307.00730
1362 45.32068
1363 -29.93634
1364 -209.50270
1365 178.57947
1366 78.41802
1367 43.52219
1368 -113.41064
1369 -252.34278
1370 -15.49015
1371 138.26197
1372 58.86423
1373 61.05612
1374 126.06612
1375 132.44719
1376 108.87070
1377 -66.66157
1378 36.41964
1379 97.38494
1380 7.01765
1381 35.64411
1382 111.01494
1383 70.26530
1384 -293.68189
1385 -164.10240
1386 -178.88193
1387 -59.06405
1388 137.27076
1389 -28.20181
1390 -240.39125
1391 -203.49445
1392 -26.29215
1393 253.86936
1394 161.54110
1395 103.97795
1396 30.29420
1397 -147.05262
1398 361.55282
1399 -110.40483
1400 195.14500
1401 103.07292
1402 78.80387
1403 89.30613
1404 128.18891
1405 -92.62403
1406 25.37964
1407 242.97655
1408 136.57305
1409 -49.85664
1410 72.49697
1411 -154.09720
1412 119.25516
1413 -28.76840
1414 63.02037
1415 8.83587
1416 113.09888
1417 205.00908
1418 -248.70021
1419 -89.74114
1420 -276.58355
1421 123.74962
1422 119.88351
1423 85.84152
1424 -13.18198
1425 293.87652
1426 279.16706
1427 -69.33653
1428 5.12757
1429 -136.62149
1430 -20.25952
1431 2.78047
1432 -15.43490
1433 -206.43134
1434 -126.90829
1435 106.58446
1436 -5.02439
1437 -92.11501
1438 44.56962
1439 -272.69770
1440 87.25505
1441 167.03561
1442 -42.62255
1443 -280.09406
1444 -7.51516
1445 -137.75659
1446 26.15292
1447 -24.51225
1448 -83.82805
1449 -61.84174
1450 -71.88278
1451 424.96008
1452 -141.43162
1453 -56.51495
1454 -91.10321
1455 -63.55817
1456 286.79998
1457 164.75041
1458 34.43402
1459 35.25658
1460 -299.97520
1461 -0.13860
1462 -138.80565
1463 -28.38311
1464 125.34269
1465 -29.46115
1466 68.31339
1467 -68.77013
1468 -110.94621
1469 -46.35832
1470 -189.35879
1471 349.63817
1472 -117.51240
1473 3.76811
1474 -143.19456
1475 72.59102
1476 -102.83379
1477 21.20225
1478 -138.63573
1479 125.09710
1480 91.67859
1481 -161.21191
1482 -63.66692
1483 -63.55203
1484 -43.30537
1485 -47.85449
1486 24.67098
1487 226.10174
1488 19.48845
1489 -28.72270
1490 99.20071
1491 -121.37658
1492 -134.36749
1493 245.98190
1494 -243.07465
1495 -59.32281
1496 -191.01582
1497 -200.88339
1498 -199.67881
1499 -332.23904
1500 -23.08338
1501 -219.82234
1502 -141.15973
1503 -234.81854
1504 -21.83638
1505 -71.83595
1506 145.34564
1507 97.36685
1508 83.81126
1509 -18.12857
1510 86.16678
1511 8.76313
1512 1.15232
1513 13.55707
1514 52.38234
1515 -422.23736
1516 -164.55244
1517 -206.95535
1518 -314.78433
1519 111.78378
1520 -341.83979
1521 -268.07218
1522 -201.00126
1523 152.40692
1524 213.88543
1525 -89.13418
1526 68.62567
1527 -161.79470
1528 -153.27433
1529 77.54595
1530 71.46156
1531 29.20114
1532 -44.41103
1533 -117.50394
1534 9.29419
1535 257.97958
1536 214.68014
1537 -49.83811
1538 193.09077
1539 -70.31027
1540 -130.24131
1541 70.38275
1542 1.24855
1543 -226.87541
1544 -261.03976
1545 -9.82729
1546 -84.65139
1547 -54.88796
1548 -160.88583
1549 -126.41490
1550 108.69373
1551 3.93717
1552 -146.87415
1553 9.58526
1554 27.05310
1555 -278.78234
1556 4.37692
1557 -163.22836
1558 -39.70398
1559 379.72451
1560 -377.88711
1561 86.14682
1562 73.17666
1563 78.43472
1564 108.44117
1565 -105.46925
1566 38.76800
1567 43.41926
1568 165.11682
1569 -70.07419
1570 -122.42244
1571 306.67917
1572 62.25944
1573 360.09287
1574 20.22330
1575 -251.10073
1576 -4.55579
1577 71.18691
1578 108.03086
1579 -73.05693
1580 6.34984
1581 262.00883
1582 -126.13145
1583 46.70923
1584 -26.44855
1585 127.90204
1586 48.04958
1587 -1.17655
1588 34.12827
1589 71.51284
1590 184.99885
1591 28.50132
1592 188.18833
1593 104.33876
1594 -182.46383
1595 60.77522
1596 -255.33166
1597 -38.63190
1598 -115.53396
1599 65.55351
1600 139.55722
1601 94.87192
1602 235.25849
1603 397.10405
1604 -65.40746
1605 74.71232
1606 137.10864
1607 -10.16506
1608 148.44292
1609 -67.87811
1610 424.75810
1611 102.65163
1612 293.28652
1613 19.01813
1614 -183.08160
1615 1.99235
1616 15.80956
1617 -172.11711
1618 211.92744
1619 96.56706
1620 251.75135
1621 -164.03615
1622 -61.65429
1623 34.32157
1624 -154.77431
1625 -95.86398
1626 117.13870
1627 -223.31800
1628 93.02071
1629 365.74415
1630 341.61562
1631 219.46403
1632 144.93955
1633 45.98737
1634 -318.84741
1635 168.00603
1636 149.34625
1637 172.04535
1638 79.51042
1639 -39.35519
1640 82.74657
1641 -169.17275
1642 272.95123
1643 14.29022
1644 257.95064
1645 115.24532
1646 325.70526
1647 -59.06945
1648 -114.30163
1649 49.45483
1650 125.87253
1651 152.06730
1652 -87.59410
1653 292.26478
1654 54.76781
1655 67.34600
1656 159.45906
1657 559.53478
1658 214.27903
1659 -28.62361
1660 111.72457
1661 -25.42231
1662 208.63629
1663 -91.44091
1664 -21.14782
1665 -96.16343
1666 -231.36434
1667 -43.46307
1668 -59.99702
1669 -367.88812
1670 -120.17518
1671 272.03984
1672 -37.50560
1673 80.55734
1674 117.52685
1675 31.28027
1676 53.03544
1677 42.15889
1678 -340.69148
1679 -200.28641
1680 -305.08542
1681 170.37966
1682 -107.11720
1683 272.55306
1684 183.52112
1685 175.29481
1686 63.79071
1687 -115.89719
1688 -238.26972
1689 -270.59202
1690 -101.86559
1691 -164.24837
1692 -108.72817
1693 290.35979
1694 -135.16355
1695 133.57383
1696 -67.47067
1697 -200.73419
1698 -22.75863
1699 43.32277
1700 -104.20613
1701 -161.52081
1702 -200.79062
1703 -124.50987
1704 9.15907
1705 165.01721
1706 4.46493
1707 12.71925
1708 -71.18182
1709 5.86853
1710 -24.69202
1711 211.11132
1712 357.76811
1713 138.60796
1714 -247.96135
1715 70.98319
1716 -56.44657
1717 -35.73533
1718 18.08274
1719 12.49597
1720 92.01435
1721 44.04349
1722 413.15017
1723 -179.66763
1724 -318.02901
1725 102.05102
1726 175.51654
1727 2.50142
1728 5.40478
1729 240.01701
1730 29.33643
1731 14.00610
1732 65.62757
1733 -60.41023
1734 -393.60938
1735 -72.52579
1736 433.59321
1737 92.97013
1738 363.81821
1739 -270.20290
1740 -105.83392
1741 220.33214
1742 65.16177
1743 -18.65403
1744 -183.16213
1745 -128.61819
1746 46.85987
1747 43.81625
1748 -232.88770
1749 348.01844
1750 -62.69278
1751 30.18677
1752 156.46397
1753 32.51101
1754 42.59680
1755 -331.93208
1756 -42.24445
1757 -40.27518
1758 -40.33979
1759 -154.41247
1760 102.06003
1761 -212.93423
1762 -267.23189
1763 -207.19056
1764 -287.45470
1765 -22.16434
1766 -277.37895
1767 -275.83495
1768 -116.91671
1769 139.54198
1770 -135.09300
1771 -193.05641
1772 -179.05216
1773 -4.86924
1774 -166.11595
1775 -161.73653
1776 176.18761
1777 -153.43320
1778 -290.13576
1779 83.91753
1780 -156.93354
1781 -63.96129
1782 -197.19689
1783 39.91235
1784 -59.40094
1785 -182.98299
1786 -33.51848
1787 181.84314
1788 -2.83513
1789 -207.26097
1790 -50.94392
1791 -408.93112
1792 47.20803
1793 -189.13444
1794 -242.56016
1795 85.16276
1796 -116.32112
1797 184.93004
1798 -223.85490
1799 -124.78686
1800 -113.55958
1801 -89.94967
1802 -10.58723
1803 -46.35092
1804 -83.16422
1805 4.15308
1806 23.40165
1807 -93.48031
1808 48.76261
1809 -140.86452
1810 -123.45559
1811 -75.14427
1812 -45.05705
1813 44.97288
1814 -77.88831
1815 -277.00430
1816 -347.64945
1817 -20.24938
1818 82.11581
1819 -37.43432
1820 -31.55892
1821 -182.85355
1822 -147.24872
1823 94.04548
1824 -264.19786
1825 -195.71591
1826 -42.92573
1827 186.97654
1828 -114.70124
1829 411.63368
1830 24.16169
1831 -84.07378
1832 -287.55128
1833 -13.13622
1834 297.84040
1835 170.32225
1836 -584.99365
1837 -121.55136
1838 -103.70285
1839 -410.08551
1840 104.08676
1841 -29.60676
1842 -79.88829
1843 -53.40403
1844 69.04760
1845 -55.49045
1846 -64.05173
1847 -191.79651
1848 -26.95964
1849 -133.22914
1850 -32.77846
1851 -234.62079
1852 -159.45674
1853 -123.34725
1854 -72.87373
1855 -176.65321
1856 112.33739
1857 -199.08694
1858 -154.95939
1859 22.25319
1860 -43.01178
1861 167.97743
1862 -78.33508
1863 131.79129
1864 378.75734
1865 -164.01303
1866 239.43317
1867 53.82869
1868 303.02572
1869 -174.69574
1870 177.81380
1871 -147.12159
1872 -295.18390
1873 99.89162
1874 137.14213
1875 255.09102
1876 -319.00654
1877 180.90323
1878 71.75333
1879 83.76114
1880 -83.17238
1881 -16.74621
1882 -39.72756
1883 -89.63603
1884 341.34187
1885 -207.70335
1886 -151.11416
1887 -172.98769
1888 82.61811
1889 29.72797
1890 28.15613
1891 65.08803
1892 -206.95406
1893 -202.64874
1894 -79.17772
1895 -21.37740
1896 17.71419
1897 281.67049
1898 213.96948
1899 -8.90664
1900 -377.85254
1901 -231.91608
1902 -66.24049
1903 -35.17201
1904 -53.19680
1905 101.23384
1906 -53.34883
1907 238.80763
1908 183.40123
1909 23.63446
1910 158.58938
1911 177.82687
1912 13.17636
1913 -175.73709
1914 -219.23858
1915 -124.17777
1916 -21.63041
1917 -70.20216
1918 -231.43287
1919 302.91930
1920 -13.73363
1921 -359.18672
1922 -444.12570
1923 115.60893
1924 42.62896
1925 -228.64156
1926 -168.14328
1927 -170.98566
1928 61.11322
1929 -105.10280
1930 -55.01757
1931 -53.39128
1932 -67.44812
1933 62.38346
1934 -210.08130
1935 -170.95129
1936 134.76243
1937 -103.83795
1938 -241.94751
1939 101.09370
1940 -109.47691
1941 259.37060
1942 -183.98965
1943 -355.09817
1944 -28.89913
1945 2.62463
1946 76.62634
1947 -429.35532
1948 -344.59081
1949 -228.89475
1950 327.77825
1951 -217.79385
1952 -55.69417
1953 -240.22014
1954 269.17573
1955 -120.07454
1956 93.60097
1957 146.13928
1958 -27.25433
1959 -99.61727
1960 -19.38747
1961 284.92512
1962 81.59451
1963 225.34989
1964 -75.30631
1965 65.20922
1966 68.74692
1967 216.51068
1968 205.55158
1969 44.30033
1970 -24.17791
1971 -26.83545
1972 -350.62936
1973 34.97673
1974 -184.32733
1975 -41.83439
1976 -8.93354
1977 -129.65581
1978 -10.73648
1979 22.91195
1980 224.89509
1981 76.02375
1982 137.52625
1983 -138.08169
1984 233.51867
1985 -18.58877
1986 -400.18365
1987 -77.88981
1988 -145.21050
1989 -107.30962
1990 -219.72120
1991 -143.62105
1992 170.66976
1993 269.78322
1994 -352.94668
1995 75.82761
1996 -61.29266
1997 226.39516
1998 -261.25421
1999 122.57522
2000 104.38780
2001 165.34773
2002 -221.27794
2003 58.77731
2004 116.63394
2005 -185.75053
2006 244.39309
2007 -108.96488
2008 43.51717
2009 174.83630
2010 -456.82686
2011 10.86048
2012 408.35059
2013 -89.05745
2014 57.51431
2015 266.74153
2016 296.02563
2017 36.07970
2018 248.95996
2019 -16.05877
2020 284.47592
2021 400.30467
2022 308.97559
2023 120.38370
2024 178.94523
2025 -17.51844
2026 123.96902
2027 -168.09062
2028 -21.29371
2029 -234.75202
2030 -15.92737
2031 265.99916
2032 -20.77063
2033 97.23152
2034 334.20928
2035 -164.82620
2036 155.41192
2037 -18.28009
2038 203.39017
2039 151.45927
2040 208.88930
2041 140.18192
2042 203.33273
2043 -255.79870
2044 -23.24430
2045 -80.58118
2046 226.01031
2047 349.00334
2048 174.86171
2049 91.66022
2050 359.36381
2051 157.31682
2052 421.04895
2053 121.78012
2054 7.23606
2055 -47.50459
2056 129.44668
2057 301.40461
2058 -244.69298
2059 201.29258
2060 110.16955
2081 188.13766
2082 -19.12541
2083 35.77064
2084 -180.83357
2085 -186.04894
2086 6.86844
2087 -80.88589
2088 -82.68595
2089 273.26786
2090 -76.20175
2091 5.97484
2092 -217.66367
2093 -193.46228
2094 5.50758
2095 64.66835
2096 -44.75975
2097 -88.74222
2098 98.03195
2099 -448.80846
2100 -170.60436
2101 166.72977
2102 -264.35493
2103 55.52675
2104 103.91132
2105 111.13560
2106 -0.49211
2107 33.08712
2108 -28.65823
2109 218.71377
2110 13.12358
2111 68.25237
2112 -252.13547
2113 -14.71876
2114 191.64138
2115 -48.69023
2116 -227.96601
2117 48.87703
2118 75.38334
2119 146.19822
2120 -227.17237
2121 -55.13706
2122 -197.26218
2123 -53.58460
2124 212.73675
2125 37.80948
2126 -35.99203
2127 315.86515
2128 25.38708
2129 25.56072
2130 137.40122
2131 95.29553
2132 -94.20034
2133 -6.89196
2134 -11.17228
2135 -146.69923
2136 -403.92588
2137 73.23351
2138 -8.85824
2139 -61.27187
2140 -78.30367
2141 -188.91650
2142 254.05197
2143 -113.25651
2144 -137.13166
2145 -225.27545
2146 154.04534
2147 -169.59530
2148 -44.21705
2149 -307.23067
2150 -39.38546
2151 68.47329
2152 208.38344
2153 117.77817
2154 -83.67216
2155 207.54930
2156 136.46619
2157 -128.93628
2158 -117.15394
2159 149.72946
2160 -368.17133
2161 86.91966
2162 -36.00318
2163 184.64108
2164 -333.99896
2165 -53.10241
2166 -22.30623
2167 189.39859
2168 -86.26920
2169 -146.15123
2170 -40.57186
2171 17.24200
2172 -96.93664
2173 33.63857
2174 45.78696
2175 -10.78063
2176 -260.89623
2177 178.17806
2178 -318.76121
2179 255.54070
2180 -106.23808
2181 -121.18500
2182 -365.89351
2183 65.73547
2184 69.27311
2185 -135.99686
2186 -74.03106
2187 1.41733
2188 210.05010
2189 -33.74322
2190 -269.12433
2191 33.72222
2192 -416.74165
2193 -46.67154
2194 112.72768
2195 -30.98448
2196 -13.63505
2197 78.52553
2198 -178.14472
2199 62.29672
2200 -91.36393
2201 -44.49349
2202 315.01951
2203 -226.57033
2204 -18.27221
2205 -149.36558
2206 80.15827
2207 -90.25725
2208 89.82580
2209 -526.43278
2210 -67.07369
2211 85.66625
2212 -220.95663
2213 74.25867
2214 -13.46632
2215 -117.12866
2216 -43.51999
2217 429.59152
2218 -111.66214
2219 -4.77791
2220 261.89216
2221 -139.62965
2222 -117.44757
2223 -255.70073
2224 217.16360
2225 -63.15691
2226 177.98037
2227 191.37378
2228 -237.01094
2229 92.47822
2230 -160.28359
2231 -206.89321
2232 131.91961
2233 -197.89627
2234 -100.28147
2235 27.63770
2236 52.35891
2237 -395.00912
2238 -367.47607
2239 -274.85582
2240 -195.82678
2241 -53.79104
2242 -318.26951
2243 -47.78275
2244 16.58098
2245 -288.94850
2246 -143.64700
2247 -99.34758
2248 -370.72563
2249 -41.71770
2250 62.76243
2251 -299.25822
2252 -166.79219
2253 -199.78768
2254 27.69055
2255 -32.67727
2256 70.79406
2257 -173.26492
2258 -237.37290
2259 -459.63540
2260 -23.05832
2261 -107.00440
2262 69.52003
2263 -267.93466
2264 -206.59243
2265 -91.16214
2266 -63.45993
2267 -49.03458
2268 -76.85619
2269 124.35945
2270 -59.48213
2271 -191.41098
2272 -123.37591
2273 -46.62427
2274 -161.54699
2275 -224.82218
2276 -159.69181
2277 109.78174
2278 -72.23603
2279 -314.30064
2280 -246.22292
2281 288.98639
2282 174.33009
2283 -59.54494
2284 95.87196
2285 -71.60854
2286 156.52256
2287 239.31700
2288 -110.42947
2289 252.31143
2290 52.50327
2291 217.52191
2292 -211.93427
2293 -113.64122
2294 -103.77799
2295 37.84152
2296 219.58175
2297 377.95456
2298 298.40738
2299 161.17524
2300 -300.21892
2301 30.10081
2302 259.84264
2303 144.74749
2304 -238.68921
2305 -186.34049
2306 -31.43642
2307 -68.70397
2308 71.86651
2309 -111.37237
2310 184.25985
2311 -94.01838
2312 386.18229
2313 -203.66294
2314 462.94109
2315 -226.96154
2316 483.16677
2317 116.51799
2318 -42.73301
2319 -57.67718
2320 -125.91856
2321 -87.27021
2322 94.52939
2323 81.35817
2324 -240.25002
2325 -14.60290
2326 58.01110
2327 184.91959
2328 171.28663
2329 138.41698
2330 -231.70569
2331 -20.12559
2332 5.37165
2333 -180.88866
2334 147.34526
2335 -248.32912
2336 21.66190
2337 406.54592
2338 143.56223
2339 110.80988
2340 -65.90813
2341 193.43968
2342 26.66719
2343 -220.66895
2344 -42.04127
2345 160.07751
2346 80.66663
2347 -160.94138
2348 -144.41546
2349 -77.46347
2350 -18.20980
2351 236.18458
2352 86.66954
2353 180.84833
2354 -48.46956
2355 49.74215
2356 82.05038
2357 -4.65296
2358 -56.24502
2359 -127.47541
2360 -30.41210
2361 25.44859
2362 -98.77471
2363 78.06908
2364 125.82961
2365 8.14484
2366 222.51360
2367 74.23551
2368 251.12480
2369 53.05686
2370 65.42350
2371 -86.79533
2372 162.37924
2373 27.14411
2374 205.96621
2375 -42.30313
2376 51.49758
2377 179.62797
2378 -34.54683
2379 377.77600
2380 250.60849
2381 41.30329
2382 48.64874
2383 199.49939
2384 246.08519
2385 -211.73527
2386 -88.45688
2387 30.34987
2388 -100.47182
2389 58.15470
2390 50.84712
2391 141.36208
2392 173.53043
2393 77.29878
2394 15.43307
2395 -158.31409
2396 -303.20651
2397 26.12545
2398 -443.16446
2399 56.15380
2400 5.76416
2401 -49.45378
2402 -34.31227
2403 -39.50552
2404 -62.02526
2405 -94.97508
2406 -251.13340
2407 -134.79531
2408 -60.54688
2409 -86.40726
2410 277.95275
2411 34.14793
2412 153.71281
2413 115.43827
2414 104.96732
2415 165.66729
2416 -184.69387
2417 120.82750
2418 -337.75527
2419 436.46031
2420 367.41981
2421 45.84064
2422 468.01914
2423 27.13260
2424 373.89271
2425 -51.44165
2426 109.87422
2427 -113.31194
2428 72.87983
2429 -100.71607
2430 -7.42527
2431 376.72508
2432 52.16365
2433 -119.70346
2434 90.87009
2435 246.87208
2436 -275.96782
2437 253.63223
2438 99.64988
2439 -78.19999
2440 -261.39513
2441 -27.58979
2442 256.54735
2443 385.39585
2444 -288.29516
2445 0.23776
2446 322.20616
2447 453.56968
2448 45.12968
2449 28.51263
2450 182.26684
2451 -76.67501
2452 197.52837
2453 389.77362
2454 -189.38483
2455 132.18389
2456 -231.43547
2457 -133.55822
2458 297.07447
2459 -71.54211
2460 174.50995
2461 1.74748
2462 -152.84202
2463 390.37502
2464 356.51448
2465 -167.95516
2466 102.09392
2467 159.69337
2468 -189.02673
2469 130.28419
2470 157.88985
2471 90.54300
2472 49.19219
2473 -79.06300
2474 -83.83810
2475 150.12327
2476 197.28118
2477 196.62853
2478 91.14896
2479 -23.73938
2480 151.90659
2481 241.51591
2482 123.73098
2483 -183.85251
2484 4.57032
2485 142.24647
2486 -198.72760
2487 -134.70886
2488 166.00939
2489 327.46436
2490 -371.29023
2491 75.85911
2492 126.42163
2493 215.43627
2494 -7.54633
2495 187.35048
2496 -6.37617
2497 -436.17971
2498 126.48437
2499 -214.17671
2500 -108.85344
2501 173.18308
2502 -194.81721
2503 -51.59735
2504 83.32566
2505 -295.80422
2506 -48.12906
2507 415.18377
2508 -114.04421
2509 170.91775
2510 166.98613
2511 -161.01929
2512 172.11027
2513 61.59931
2514 -310.99743
2515 98.17665
2516 373.14284
2517 -89.41461
2518 77.29840
2519 -28.98856
2520 -161.95725
2521 -110.34238
2522 -112.35307
2523 -9.69462
2524 -165.41211
2525 -46.44206
2526 -176.01727
2527 52.13478
2528 -192.28401
2529 43.42513
2530 -80.00103
2531 146.63201
2532 29.98086
2533 -95.02280
2534 -229.35515
2535 322.63387
2536 -101.86110
2537 106.21901
2538 145.39126
2539 74.85344
2540 -229.78849
2541 -95.06145
2542 -83.72616
2543 -33.36911
2544 -280.69667
2545 -15.84198
2546 -110.22469
2547 175.80334
2548 -118.63384
2549 -190.19241
2550 253.27269
2551 145.99758
2552 31.61802
2553 46.48738
2554 -44.93043
2555 -181.83044
2556 87.49082
2557 151.81204
2558 116.64913
2559 -144.17166
2560 -270.11949
2561 38.82288
2562 117.57401
2563 -43.00247
2564 99.41853
2565 -175.14284
2566 14.69101
2567 -187.21996
2568 19.57164
2569 -248.49489
2570 21.88870
2571 -236.13813
2572 -71.90114
2573 -97.63727
2574 -18.32036
2575 -145.23911
2576 131.53392
2577 356.74242
2578 105.12121
2579 149.92786
2580 13.61773
2581 -388.12408
2582 1.05192
2583 122.23658
2584 -227.62818
2585 -119.13135
2586 -154.46515
2587 -36.00063
2588 13.61762
2589 -306.88092
2590 -132.06290
2591 57.13616
2592 81.58668
2593 105.37619
2594 334.04831
2595 358.55872
2596 -58.34061
2597 98.93204
2598 244.47540
2599 247.41305
2600 -258.23504
2601 76.59850
2602 111.73107
2603 -15.84695
2604 188.86989
2605 -63.81015
2606 -67.69233
2607 -44.16394
2608 52.69432
2609 -14.84290
2610 -173.51350
2611 38.25323
2612 -13.41352
2613 -109.85486
2614 83.45962
2615 40.85883
2616 226.96195
2617 45.36350
2618 116.85147
2619 -14.28645
2620 -65.74947
2621 232.57972
2622 103.32687
2623 144.93737
2624 -109.52994
2625 45.42316
2626 23.14379
2627 -35.07633
2628 -27.01404
2629 -19.34382
2630 -203.88158
2631 185.11258
2632 -272.79613
2633 362.22296
2634 -6.56825
2635 260.65201
2636 -59.84753
2637 108.14085
2638 -28.73327
2639 17.11908
2640 -206.70839
2641 -18.77716
2642 -208.87698
2643 -52.84243
2644 27.95296
2645 -190.79799
2646 72.48212
2647 -109.24585
2648 17.40545
2649 -47.53137
2650 95.36847
2651 123.19372
2652 -56.98839
2653 29.75958
2654 92.87895
2655 -183.10465
2656 53.63808
2657 60.14047
2658 123.63765
2659 -5.62477
2660 -120.02606
2661 -74.85913
2662 56.90501
2663 72.05481
2664 -52.16532
2665 41.00486
2666 29.56240
2667 -179.62086
2668 71.79686
2669 -252.09872
2670 -131.42590
2671 131.67779
2672 -231.13457
2673 206.09002
2674 -66.28682
2675 -69.04243
2676 -85.18737
2677 252.40128
2678 68.90405
2679 -14.44814
2680 379.16040
2681 217.30043
2682 37.87756
2683 85.64860
2684 -51.60344
2685 -132.43978
2686 -17.78391
2687 245.76419
2688 -125.61537
2689 109.92009
2690 153.77341
2691 202.83182
2692 -77.46342
2693 -21.45088
2694 -298.96365
2695 -157.78540
2696 -335.42599
2697 -260.37276
2698 96.53567
2699 -467.26660
2700 69.56061
2701 93.90928
2702 -15.95062
2703 -7.40691
2704 -136.58754
2705 17.28269
2706 64.22334
2707 -132.97294
2708 -291.63017
2709 -157.00414
2710 -168.55207
2711 -32.59382
2712 253.44785
2713 14.80429
2714 238.55489
2715 -70.12959
2716 6.85433
2717 50.87446
2718 -42.78288
2719 -65.39583
2720 222.55923
2721 -8.22576
2722 17.19427
2723 -301.77227
2724 304.71122
2725 -33.18956
2726 3.62357
2727 73.59043
2728 -20.06813
2729 -210.08683
2730 -138.59543
2731 -316.43481
2732 -217.18449
2733 -67.77833
2734 211.55048
2735 -36.81954
2736 110.89621
2737 -7.13469
2738 -81.28185
2739 -154.90897
2740 -132.04421
2741 -90.22511
2742 -111.49854
2743 -84.50544
2744 -264.25190
2745 -9.48507
2746 217.57444
2747 3.93085
2748 -131.63489
2749 -24.27946
2750 -262.57120
2751 79.70445
2752 -55.18066
2753 -380.09980
2754 -204.02906
2755 11.00413
2756 -143.46069
2757 -127.12385
2758 -102.59551
2759 -74.68733
2760 -18.99599
2761 -47.37664
2762 -10.94781
2763 -103.97010
2764 157.96961
2765 27.48225
2766 -25.93969
2767 -82.18581
2768 114.24970
2769 34.73234
2770 -47.99463
2771 -23.64580
2772 -170.14248
2773 117.60351
2774 172.61186
2775 182.47148
2776 -60.07378
2777 -139.90005
2778 144.39494
2779 -167.38691
2780 -316.20160
2781 -233.79324
2782 -218.65793
2783 -202.35385
2784 -211.19587
2785 234.99802
2786 229.99300
2787 -131.79324
2788 8.44893
2789 -180.77691
2790 153.89371
2791 -227.29278
2792 -361.70273
2793 12.55775
2794 182.97856
2795 -258.21357
2796 14.77075
2797 60.28981
2798 -355.45008
2799 79.64429
2800 -47.05898
2801 206.90899
2802 -137.07688
2803 -224.19847
2804 -198.55509
2805 -45.27302
2806 52.42302
2807 316.56073
2808 -211.62839
2809 -247.02584
2810 155.40518
2811 -121.53914
2812 18.56170
2813 21.99353
2814 10.11279
2815 -132.06576
2816 -260.62227
2817 114.56309
2818 -142.77087
2819 -259.75409
2820 54.36899
2821 -228.36060
2822 -58.47636
2823 -17.11984
2824 -346.35360
2825 -324.99463
2826 100.73558
2827 20.98591
2828 -268.48966
2829 -297.65455
2830 18.63708
2831 -56.69031
2832 185.83090
2833 41.61766
2834 87.28272
2835 -140.47129
2836 -213.68794
2837 -168.38949
2838 -31.23321
2839 160.24976
2840 153.59721
2841 23.76317
2842 105.13318
2843 175.57676
2844 150.39813
2845 18.24934
2846 91.50425
2847 -221.73056
2848 -69.58625
2849 -192.13537
2850 271.49872
2851 -38.71499
2852 53.62162
2853 -136.58958
2854 1.27858
2855 -267.23963
2856 -253.46894
2857 35.67659
2858 -142.23844
2859 -131.77701
2860 29.63232
2861 -15.64449
2862 44.84823
2863 10.11427
2864 269.74603
2865 -249.12903
2866 -7.89973
2867 -89.76979
2868 -259.40170
2869 -271.47636
2870 -2.90607
2871 -191.06421
2872 87.11796
2873 -325.49724
2874 203.68209
2875 3.59035
2876 229.98086
2877 -117.75507
2878 155.81461
2879 88.48936
2880 28.19819
2881 -298.98572
2882 44.08829
2883 36.28951
2884 66.33060
2885 -1.73076
2886 -78.25501
2887 354.44656
2888 32.15420
2889 136.83961
2890 249.55491
2891 -335.49527
2892 412.94472
2893 317.20803
2894 -61.97660
2895 256.05258
2896 -68.23054
2897 251.73106
2898 -2.84484
2899 -25.84320
2900 -55.39587
2901 -1.44788
2902 -65.84388
2903 462.30077
2904 -116.35950
2905 88.49306
2906 251.58865
2907 57.39311
2908 402.02561
2909 -64.75451
2910 51.19157
2911 -122.42899
2912 328.49994
2913 -44.45037
2914 40.97050
2915 -70.74890
2916 -79.35421
2917 84.42569
2918 4.91466
2919 -210.56668
2920 -89.65239
2921 173.87456
2922 12.45995
2923 289.32078
2924 106.32435
2925 121.28257
2926 -79.63919
2927 82.04353
2928 105.39206
2929 88.72860
2930 -175.16864
2931 -58.51462
2932 56.76553
2933 16.60732
2934 -23.59076
2935 -168.03545
2936 122.76424
2937 -124.42872
2938 52.66326
2939 -242.67759
2940 136.40651
2941 -72.65290
2942 140.06352
2943 -110.56340
2944 112.21889
2945 143.47947
2946 -23.47063
2947 147.19909
2948 102.29616
2949 -179.05921
2950 156.39877
2951 210.66239
2952 -54.94487
2953 127.14627
2954 31.03205
2955 -152.81347
2956 96.50003
2957 -90.54546
2958 -291.50542
2959 215.49224
2960 319.39697
2961 117.89764
2962 -391.97800
2963 175.59970
2964 172.28061
2965 62.28448
2966 -184.75438
2967 -151.07968
2968 -59.34900
2969 -111.72455
2970 -7.82492
2971 219.69626
2972 -384.07132
2973 368.22426
2974 -88.78159
2975 142.07397
2976 -75.16554
2977 -110.30637
2978 34.65912
2979 -104.91036
2980 100.27259
2981 -8.62119
2982 20.36013
2983 188.40528
2984 -15.56636
2985 -112.07371
2986 -51.05694
2987 17.99141
2988 273.77476
2989 -355.51299
2990 -107.67753
2991 165.91960
2992 -138.38301
2993 189.35490
2994 285.19453
2995 192.82949
2996 110.42059
2997 66.45652
2998 290.48892
2999 -19.94311
3000 32.74320
3001 90.46116
3002 -374.81640
3003 0.40236
3004 -55.93875
3005 -17.25221
3006 -56.10592
3007 -23.60731
3008 -1.33908
3009 37.92245
3010 -94.90735
3011 -120.43610
3012 369.35586
3013 9.94943
3014 -2.60883
3015 -138.97374
3016 -14.01734
3017 144.85390
3018 -97.68052
3019 -290.92701
3020 145.22944
3021 -40.58427
3022 76.95013
3023 50.08256
3024 98.02853
3025 191.37946
3026 82.37204
3027 -82.64024
3028 197.25667
3029 -219.93488
3030 77.69538
3031 -168.88248
3032 90.65145
3033 96.26151
3034 215.83648
3035 -229.51083
3036 -149.26360
3037 -0.78596
3038 -73.88675
3039 76.12840
3040 -319.29441
3041 -26.35205
3042 -53.09802
3043 85.69905
3044 -72.49201
3045 -128.46393
3046 -47.55407
3047 -173.31015
3048 -4.14280
3049 -38.92227
3050 76.17167
3051 388.24814
3052 -295.43693
3053 225.73497
3054 -124.08544
3055 76.60945
3056 -55.30780
3057 12.90807
3058 239.02455
3059 -191.99543
3060 94.70689
3061 -287.69354
3062 -38.42996
3063 149.57677
3064 -7.75650
3065 102.80771
3066 -255.86008
3067 -131.97940
3068 -318.14424
3069 128.12950
3070 -265.65806
3071 282.56731
3072 -177.83036
3073 -273.13124
3074 -35.09235
3075 94.00299
3076 -27.36609
3077 237.72994
3078 185.91032
3079 141.34496
3080 -1.69351
