55 257.4
75 459.2
5 94.8
56 24.9
15 -3.6
14 53
52 350
54 44.6
53 -8.4
7 557.6
71 -20.3
23 423.7
19 923.3
33 -11
32 186.9
42 141
61 863.1
62 329
18 304.4
30 -32.2
29 -217.1
72 903.3
21 732.5
26 698
28 273.2
73 521.5
77 232.6
81 195.2
285 1498.2
142 1660.4
131 1231.3
201 1477.6
179 872.4
203 1493.1
192 935.3
168 557.1
216 382.4
260 1065.3
208 1128.3
222 1498.2
277 1193.4
278 1309
163 240.1
250 965
244 612.8
99 429.3
164 1048.5
140 276.4
78 468
70 653.5
83 633.2
148 532.2
82 499.1
101 854.9
68 -307.1
97 208.2
93 -30.2
9 491
22 60.3
64 251.6
6 821.1
79 684.3
41 523
57 485.6
35 179.4
34 359.8
66 194.9
17 146.6
65 167.1
20 351.5
24 505.1
69 402.6
25 1039
1 106.6
105 618.8
76 146.4
74 253.3
31 605.8
80 741
38 -105.3
104 -479.5
95 487.8
162 412.3
157 873.7
36 104.1
67 667.7
86 637
98 584.6
89 407.9
103 1329.8
48 1152.8
94 529.6
90 854.3
40 857.7
91 345.4
96 454.7
39 42.8
43 447.7
85 -273.6
149 651.3
88 -182.9
37 581.8
84 902.9
44 699.5
102 347.7
155 502.1
114 299.3
27 959.2
92 611.4
46 733.4
47 172.2
45 185.9
160 340.1
108 206.8
145 828.2
50 151.6
49 987.3
146 521.4
11 122.1
63 81.6
254 1105.3
205 1302.6
241 505.1
147 807.1
109 697.2
153 374.2
158 686.4
118 1359
134 693
171 187.1
169 628.8
174 336.4
172 512.5
133 1275.7
194 1246.6
139 820
255 775
287 1498.2
111 550.5
154 490
117 688.1
128 1529.9
136 1094.4
135 779.1
143 549.4
180 549.8
137 793.5
186 871.2
242 1020.8
206 962.5
209 1062.9
269 866.5
234 1397.6
3 283.2
184 332.3
119 556.5
122 631.3
141 839.5
176 491.5
246 811.7
212 229.9
195 577
210 691.2
270 1081.6
130 982.2
112 893.4
115 663.9
166 4.8
125 1197.7
267 1260.5
190 1228.8
170 242.3
185 930.9
245 723.3
243 952.9
257 467.3
251 179.1
219 791.8
161 54
178 539.3
181 108.2
138 468.4
191 507.7
177 893.8
187 115.3
100 301.7
156 409.9
159 622.6
258 1355.9
110 1978.3
124 324.9
121 575.5
129 899
193 626.1
51 550.9
60 291.1
59 463
13 440
58 537.3
16 339.5
12 691.6
221 1381.1
215 561.6
259 566.5
202 397.8
151 525.2
173 735
214 624
275 728.2
200 269
126 382.6
182 24.1
204 386.2
211 520.1
233 1290
189 1090.9
199 596.5
248 933.5
106 1217.4
152 612.5
113 697.2
116 1033.2
120 319.1
123 1225.6
127 741
183 847.9
188 1045.1
207 1112.9
253 1183.4
252 944.3
196 1158.9
256 1535.9
227 1660.5
228 1089.7
229 1436.1
272 1436.1
284 1460.4
223 1944.5
240 1707.4
283 1516.6
144 213.8
4 -287.1
249 882.1
198 736.9
